21
22
25
0
1
4
15
14
6
1
4
1
2
3
0
0
22
16
20
22
14
5
15
17
17
20
21
9
1
10
5
21
2
4
14
3
4
3
14
21
4
23
4
15
1
13
15
3
17
0
26
12
7
6
15
7
26
11
6
20
19
0
4
17
19
19
1
10
11
10
23
8
25
0
13
12
21
17
23
0
15
24
12
9
24
23
21
14
26
21
21
4
23
10
21
9
3
20
3
3
10
6
2
15
16
18
4
11
21
18
20
13
2
23
16
25
0
23
24
2
16
26
1
6
5
15
23
20
11
17
13
17
8
26
13
25
24
6
10
19
13
5
24
5
11
19
18
20
2
10
15
19
12
14
19
24
26
16
6
18
6
7
17
2
25
17
13
20
24
7
19
18
22
7
24
26
26
3
16
25
5
14
24
20
4
26
19
6
11
26
22
18
8
16
9
4
5
6
4
23
21
21
16
13
14
17
8
0
4
20
24
15
7
16
4
4
8
25
5
7
18
20
18
4
22
18
6
11
25
25
22
21
22
2
8
19
7
15
8
20
25
14
9
6
2
22
22
5
4
17
21
12
2
10
1
21
15
11
17
4
19
6
6
20
1
8
11
22
5
11
3
23
25
22
10
11
5
5
7
13
14
7
24
25
11
7
14
12
6
15
17
7
5
5
22
21
25
12
6
14
26
19
0
7
0
23
20
7
1
19
19
26
12
12
16
16
14
22
4
5
24
2
17
7
18
22
24
14
15
19
15
5
17
8
17
18
18
7
5
22
1
14
14
3
2
14
20
15
5
8
10
13
22
5
21
12
0
26
18
26
22
18
21
12
2
20
22
26
14
15
3
23
2
21
17
21
12
23
6
12
19
19
21
17
21
22
15
19
15
9
21
13
26
17
11
12
10
21
2
20
5
13
25
12
22
24
21
14
7
13
23
16
0
0
0
3
9
26
0
14
17
13
18
8
2
8
6
15
14
2
12
0
19
8
1
4
8
22
25
22
12
20
25
23
23
0
2
2
5
6
9
2
12
15
16
1
1
4
7
11
9
24
14
3
6
15
24
3
25
12
4
17
15
3
8
12
23
21
23
22
24
7
9
25
1
18
26
17
4
14
19
26
25
12
22
4
25
6
22
1
