23
23
21
2
12
20
5
13
0
9
14
1
22
5
26
18
11
16
3
17
9
14
14
1
3
16
16
26
16
17
17
16
3
13
18
4
4
26
1
25
10
8
25
17
1
26
21
25
14
22
6
0
15
2
6
24
8
13
20
25
19
2
3
24
6
26
25
4
0
11
4
25
16
16
26
12
9
18
14
0
19
2
18
0
23
25
7
11
9
18
22
13
5
0
10
12
1
18
7
2
16
3
12
4
11
7
2
21
15
21
18
22
11
10
1
0
19
23
7
1
8
22
4
12
23
9
0
10
26
20
15
12
2
7
8
7
3
13
3
19
0
10
15
2
4
11
1
18
11
20
8
14
4
0
25
4
4
6
6
18
26
10
7
15
14
18
26
20
24
6
9
8
21
4
19
14
4
15
18
25
1
2
23
25
22
9
15
4
17
0
20
1
19
9
5
22
5
11
9
18
24
0
18
26
19
7
22
2
9
17
14
9
20
20
15
7
10
6
7
0
26
23
5
23
3
21
7
20
3
9
8
14
3
17
14
14
3
21
18
7
10
23
19
1
16
20
24
8
21
9
19
13
7
4
25
12
3
17
22
19
19
15
1
25
24
13
22
11
23
20
21
12
15
2
21
4
23
11
2
24
2
8
3
17
25
13
2
15
21
23
5
18
20
4
20
19
25
2
14
10
11
7
19
9
22
15
19
10
25
1
18
1
19
20
4
2
15
15
13
4
14
8
23
21
2
18
7
9
22
8
1
1
10
23
18
25
8
19
9
19
14
22
15
9
11
17
6
2
11
3
25
13
0
24
11
7
5
22
11
6
16
18
3
12
5
25
1
8
16
20
20
19
14
24
5
9
17
14
20
9
23
17
26
9
13
26
22
24
24
25
24
24
16
18
24
15
5
1
25
14
2
6
0
1
18
2
24
1
0
11
13
2
26
13
22
25
3
13
0
16
16
5
26
8
25
18
0
1
14
21
25
22
0
18
9
1
18
20
17
23
19
20
7
26
24
7
1
16
25
21
22
11
9
25
2
5
16
19
20
25
16
16
3
18
20
16
20
2
15
23
2
7
26
9
23
18
4
9
9
5
18
9
11
4
7
17
0
14
13
7
4
22
18
0
0
14
13
21
19
8
