18
16
11
22
5
5
21
23
20
13
13
6
15
11
16
14
13
1
6
9
10
2
26
18
23
16
0
13
1
6
18
12
19
6
11
0
6
1
0
4
5
17
24
15
8
24
20
21
0
0
4
24
6
24
3
14
13
24
26
1
5
26
23
3
6
23
4
5
9
1
0
20
4
6
17
21
2
17
5
23
26
19
2
17
14
1
11
9
26
15
8
24
21
0
12
0
17
11
11
18
8
1
18
4
6
6
9
18
5
4
11
21
25
24
13
4
24
14
22
17
15
9
11
10
10
3
24
14
25
11
25
25
10
13
14
3
2
5
11
3
25
17
13
5
12
18
4
17
8
15
16
12
26
17
7
22
22
16
6
4
2
6
7
15
7
22
14
2
2
8
25
4
14
1
7
11
1
20
13
4
20
16
3
24
9
7
25
2
15
21
18
24
2
4
1
24
12
3
8
13
0
19
14
16
24
7
3
8
20
0
7
25
24
25
24
23
9
1
1
10
13
18
26
0
26
6
9
13
24
14
7
6
22
25
9
4
3
16
11
22
26
5
1
8
8
8
15
12
10
11
5
11
24
18
18
2
14
9
8
7
25
25
21
20
0
17
22
0
17
10
7
15
0
21
6
0
9
24
4
5
22
3
7
1
13
13
25
8
2
11
1
3
22
23
6
3
11
8
18
7
18
14
15
16
13
21
5
4
4
11
12
14
17
2
3
6
7
1
10
18
15
11
11
2
12
1
11
4
22
0
9
13
20
25
4
19
4
2
23
22
16
2
3
4
22
19
15
22
19
25
26
8
10
20
14
14
0
24
11
14
26
15
10
3
6
16
25
9
15
23
10
1
14
24
0
22
4
13
6
11
10
21
15
24
24
6
21
23
2
15
18
7
18
17
3
0
8
15
6
26
21
6
2
9
21
11
20
24
14
4
6
1
5
26
19
3
2
11
23
6
22
10
24
15
8
9
9
15
9
15
20
23
26
14
1
6
9
17
3
18
18
26
7
20
7
1
17
0
23
10
13
14
22
12
24
0
25
12
13
4
5
5
13
4
14
17
17
1
19
26
15
12
8
26
25
18
10
18
6
5
9
19
1
7
9
0
11
3
11
7
18
11
13
12
20
2
12
18
1
14
