7
13
18
21
18
26
22
21
1
13
5
22
25
12
2
9
6
21
14
20
19
4
8
17
9
14
13
0
5
13
12
11
23
4
5
3
13
2
12
4
20
8
3
8
22
7
11
26
5
17
4
6
12
2
8
7
15
25
18
6
14
21
5
9
24
22
26
17
7
1
4
10
11
1
3
13
16
26
15
5
10
24
15
20
2
8
11
22
9
14
9
10
15
22
11
4
3
0
20
8
13
8
6
12
8
10
18
16
13
7
0
0
21
7
10
21
26
4
0
24
1
18
5
20
6
10
26
16
19
2
18
4
2
11
18
15
26
6
17
16
4
20
25
13
12
26
5
26
14
9
18
0
23
26
4
0
7
22
13
15
16
25
6
20
22
8
23
24
26
21
25
17
25
1
15
10
25
16
18
16
13
13
1
7
9
0
14
21
21
26
8
12
7
11
15
18
11
10
2
2
23
6
26
14
19
12
9
9
5
6
5
11
18
19
9
4
9
6
14
17
26
20
15
1
13
17
14
25
6
10
6
10
22
4
11
16
16
20
13
10
16
5
8
22
19
17
13
11
13
8
20
16
14
15
12
21
24
22
9
1
3
10
21
5
18
9
5
24
15
5
19
21
16
8
25
15
1
14
26
21
17
16
12
26
6
12
15
22
24
23
0
2
10
19
10
20
21
18
5
14
7
19
22
10
8
2
2
9
19
21
2
5
26
10
5
26
23
11
18
26
22
14
9
9
10
12
24
19
18
1
12
3
1
6
13
9
14
12
2
12
12
11
16
5
16
25
9
17
25
10
4
8
10
26
24
24
1
23
4
26
23
15
25
4
17
7
10
12
19
24
15
11
25
6
18
18
0
18
3
24
5
26
10
17
4
9
4
26
2
6
13
21
13
15
1
22
25
0
6
19
3
6
24
9
8
10
24
14
4
14
11
26
7
25
0
7
19
11
21
9
8
9
5
8
21
8
1
14
24
15
22
14
12
17
6
12
26
19
3
6
19
25
20
22
16
9
24
3
14
22
26
21
14
7
2
19
17
23
23
15
21
5
12
13
25
13
3
4
15
8
6
18
13
26
14
14
11
8
0
2
13
1
9
8
12
6
18
5
0
14
13
20
3
26
26
20
23
3
19
24
