14
0
22
24
5
16
15
19
21
25
0
17
2
18
26
8
12
15
12
11
19
19
6
13
15
11
22
13
6
21
22
3
14
10
5
10
16
21
9
24
20
8
17
16
9
7
2
23
24
1
3
26
0
8
14
24
8
10
25
0
9
11
7
18
21
13
3
25
19
15
14
2
12
22
2
20
17
9
26
16
19
6
26
11
11
24
21
11
4
24
0
25
3
11
2
6
3
15
3
20
3
16
5
20
26
20
6
19
19
0
26
6
7
10
2
25
21
26
7
16
11
13
22
15
22
0
7
6
0
12
25
24
14
2
7
20
26
4
25
22
13
23
21
17
7
23
24
12
7
0
13
14
12
23
18
6
26
19
2
6
6
11
9
3
26
6
17
16
0
20
25
3
10
21
25
23
10
1
11
10
4
10
4
26
9
0
5
11
25
1
8
21
11
12
17
12
7
15
21
1
26
4
17
2
20
21
22
23
23
11
0
10
16
18
17
3
9
15
20
16
6
11
23
1
9
9
8
24
21
6
23
10
21
0
22
21
3
15
0
13
16
5
7
15
8
17
24
8
4
2
5
4
16
10
18
25
12
25
7
10
9
21
18
10
11
4
7
23
15
24
16
0
2
18
8
15
0
12
14
10
14
8
9
17
23
21
2
17
19
6
24
2
2
21
23
24
3
7
22
5
25
22
2
12
19
7
0
9
17
5
4
14
2
14
25
17
15
14
16
6
3
25
17
11
19
15
14
15
2
25
12
13
24
4
1
6
14
5
22
23
2
8
24
14
8
17
24
24
16
19
10
26
25
24
6
3
21
1
19
6
3
17
14
26
17
3
16
23
5
10
12
15
4
26
3
18
26
4
12
5
10
6
14
23
9
2
5
23
20
1
23
21
10
26
1
22
1
14
2
6
0
26
20
5
26
10
23
11
9
19
24
23
8
8
26
16
22
17
25
2
5
0
17
0
13
17
6
23
20
0
22
3
2
0
8
23
5
5
7
11
26
4
26
15
8
11
20
21
9
16
21
19
15
15
11
6
14
22
4
26
3
26
8
17
25
26
25
7
19
22
3
3
1
3
10
22
14
6
21
0
5
2
17
9
17
3
24
2
16
9
2
2
4
25
8
11
6
8
20
19
