22
15
6
25
5
14
21
16
21
21
14
21
24
0
18
23
21
1
0
5
14
23
9
8
3
22
17
0
5
23
9
23
19
25
10
3
4
21
15
23
25
14
8
18
25
3
8
7
8
0
11
26
7
14
14
11
10
19
12
7
19
9
6
25
2
20
5
3
17
7
12
2
12
3
5
22
3
11
19
18
8
4
5
15
23
6
11
6
22
8
7
13
1
9
16
3
16
23
2
5
25
14
7
12
18
7
1
2
3
2
24
7
13
19
18
10
26
14
21
3
0
18
26
22
24
8
22
16
5
0
22
1
4
7
24
2
20
6
4
20
17
23
15
22
12
4
14
4
14
23
5
7
11
0
26
19
12
19
12
21
16
23
20
11
18
12
10
8
5
15
12
5
26
3
15
7
6
24
19
25
14
0
2
5
6
14
10
1
1
24
17
7
24
24
2
1
25
3
5
20
18
9
0
13
6
3
26
17
3
18
14
12
6
6
6
4
23
0
9
23
10
11
21
2
1
7
12
11
19
23
18
15
2
0
25
10
4
20
15
14
0
16
13
2
10
17
10
19
21
5
15
2
6
0
20
15
9
6
11
19
14
26
9
5
14
14
2
17
7
2
25
15
3
14
26
23
6
9
21
11
21
16
13
5
7
10
26
14
6
17
11
2
20
15
21
12
3
7
26
8
12
13
16
18
10
11
4
1
13
17
1
11
9
25
15
20
1
10
0
10
12
11
9
21
3
25
16
14
15
18
14
19
7
15
5
17
17
22
11
8
13
1
22
16
14
1
22
2
24
20
24
8
6
23
2
15
21
7
15
4
7
26
11
14
11
22
19
7
12
13
0
26
2
5
2
15
18
18
25
26
7
22
14
5
7
13
0
7
20
24
7
16
17
12
14
22
15
9
6
19
5
12
7
25
25
17
18
8
12
14
10
3
26
21
24
3
6
7
18
2
5
2
13
3
26
3
10
23
0
0
23
17
0
12
9
8
26
26
19
5
1
5
23
4
11
9
4
24
26
7
23
18
14
10
24
6
5
18
4
24
1
23
24
21
9
20
5
2
20
4
25
11
3
20
11
6
25
3
5
9
21
19
12
1
23
16
5
15
16
15
1
2
24
26
12
26
13
4
18
18
