6
11
25
22
19
6
6
3
1
19
18
15
19
23
11
11
22
3
10
13
9
8
16
11
12
26
26
15
14
1
13
19
10
11
6
14
12
6
25
9
26
19
18
23
25
1
3
10
7
15
12
15
13
7
2
1
20
6
25
14
5
14
26
13
21
11
8
21
25
6
24
8
25
4
1
16
10
8
12
21
14
12
11
1
1
17
8
11
12
17
17
21
24
11
20
10
0
12
13
18
5
1
12
8
24
8
19
7
26
14
6
13
7
11
8
3
12
21
16
14
23
13
2
0
12
13
24
22
21
9
12
20
20
2
0
12
2
15
7
9
5
9
19
12
0
9
6
8
24
19
13
22
9
7
11
17
4
6
13
6
1
16
1
3
5
19
24
23
19
23
25
5
0
25
21
6
2
21
4
18
7
11
4
15
10
8
10
15
2
17
6
5
0
17
19
1
3
12
2
11
0
4
6
20
18
2
20
19
9
11
16
17
11
10
14
17
11
11
23
8
6
9
20
2
14
21
9
21
2
17
7
3
23
23
6
7
6
21
15
3
14
2
8
15
11
19
13
0
26
15
19
9
16
4
3
17
17
25
11
13
16
4
8
23
14
12
10
21
19
21
21
15
13
20
19
16
4
8
18
2
6
5
20
10
8
19
26
11
19
18
14
8
7
16
6
11
13
14
17
6
24
14
13
16
8
2
22
3
18
5
7
24
14
2
21
5
6
3
1
16
13
2
21
21
22
24
26
9
10
3
7
26
10
20
1
17
10
14
16
6
23
3
18
11
7
19
7
14
2
4
6
22
25
4
17
25
18
18
10
20
13
10
15
2
6
25
20
18
20
7
8
11
19
18
25
8
21
14
16
6
2
25
12
12
22
26
15
2
13
3
13
26
17
5
3
22
1
15
21
25
21
5
19
17
3
11
4
21
25
16
5
5
25
11
21
21
14
20
3
25
25
11
22
20
6
19
23
26
21
5
9
10
5
18
11
6
11
13
22
19
4
9
18
10
22
18
3
23
19
2
17
21
8
8
19
25
25
14
19
11
19
20
26
23
9
11
7
14
26
10
22
24
6
18
18
1
26
6
17
23
24
3
3
0
18
16
9
4
24
25
20
6
17
16
26
20
14
2
4
23
