4
14
22
8
15
10
25
2
21
17
25
7
23
15
4
4
19
10
2
17
22
8
19
11
26
9
20
20
11
23
21
0
1
14
22
15
9
7
11
7
22
12
2
17
0
22
4
25
5
9
24
11
23
21
2
11
11
14
17
23
14
14
20
22
3
8
0
4
18
13
13
16
24
26
0
16
14
2
12
14
23
9
6
4
0
14
1
12
14
0
6
6
3
18
22
3
14
19
20
22
5
26
3
20
17
6
22
0
25
17
10
6
16
5
2
6
25
2
0
9
22
20
6
5
23
18
9
20
26
9
10
10
18
18
1
18
18
21
0
11
23
22
11
0
16
6
24
9
16
6
9
18
14
24
5
8
15
9
17
9
1
2
14
7
17
15
1
14
21
6
4
22
16
22
24
24
5
13
16
10
25
5
2
13
2
10
0
22
16
8
23
4
20
21
8
16
8
21
20
14
7
4
15
13
20
1
9
1
15
4
0
0
6
23
20
25
25
5
5
20
23
4
3
17
26
17
12
8
7
10
12
20
18
17
3
7
23
4
18
6
23
13
15
26
5
25
18
5
24
26
24
6
6
11
22
3
16
0
11
11
13
14
17
19
21
19
12
18
23
6
19
9
0
3
25
24
13
7
13
2
25
19
15
4
5
25
26
19
11
19
11
2
21
7
8
24
26
4
4
24
9
11
20
25
20
9
26
23
10
0
12
20
8
8
21
2
17
12
25
20
26
25
7
25
9
19
24
5
7
7
9
0
7
4
10
13
23
4
14
13
11
0
7
13
23
16
12
12
2
10
7
20
6
24
14
4
18
21
13
12
22
18
18
25
15
3
0
17
24
21
22
3
7
3
7
11
26
24
15
13
20
3
17
20
22
16
16
22
10
12
9
0
0
7
20
20
6
16
0
10
21
11
26
22
4
13
26
7
19
16
5
4
21
11
25
5
0
21
12
13
4
24
10
1
9
23
4
21
6
15
24
12
22
4
20
2
25
10
0
11
16
5
24
20
24
0
24
6
16
19
18
0
24
21
12
0
12
18
15
25
5
4
0
26
6
0
0
16
8
18
16
5
26
16
9
21
13
15
21
0
22
9
3
6
5
3
16
16
9
1
8
12
3
20
25
4
2
7
26
20
