26
12
4
26
19
7
5
25
6
17
11
26
21
9
11
14
21
3
8
3
15
6
9
1
3
2
20
24
0
18
5
25
4
4
24
14
25
8
1
11
18
0
22
26
19
11
7
6
18
6
26
21
16
18
12
0
22
10
9
24
14
8
12
5
20
14
16
7
9
4
20
3
7
12
9
18
0
13
11
15
14
3
2
4
12
6
19
13
16
14
25
21
23
17
14
20
0
4
25
10
1
9
23
6
9
20
19
24
4
16
10
17
0
2
14
5
8
1
13
5
4
26
2
12
9
15
7
7
0
18
24
19
23
18
1
22
19
8
25
16
10
25
8
17
19
12
12
22
20
0
17
1
0
2
1
5
22
4
4
11
17
6
0
18
16
8
9
6
6
14
1
4
26
6
24
17
4
0
15
0
26
17
9
6
11
17
12
15
9
14
18
16
22
14
21
2
12
20
1
12
17
8
2
21
15
3
16
16
16
7
12
13
1
15
22
0
6
22
11
2
0
15
6
6
21
7
13
14
22
2
19
8
1
10
11
3
5
3
4
11
10
10
20
11
13
18
23
21
1
16
26
2
5
19
1
18
25
17
3
6
9
24
18
11
0
0
6
22
9
13
0
16
5
5
20
1
0
3
9
26
22
26
5
23
15
16
24
21
3
20
13
16
1
18
23
12
9
6
7
26
2
1
5
20
5
2
10
11
24
20
24
16
20
17
6
19
22
16
1
3
26
11
9
18
0
12
20
26
10
3
11
10
19
15
12
9
11
0
0
9
15
15
12
14
20
10
5
4
2
0
13
24
4
5
2
26
12
16
19
23
26
11
10
8
12
8
4
2
18
6
4
16
11
6
15
13
13
14
8
4
22
20
17
20
2
9
20
20
9
23
25
20
21
22
14
1
5
24
19
5
6
19
24
0
9
24
12
15
19
7
3
0
8
16
25
8
19
16
17
14
18
25
16
0
15
9
10
26
10
0
2
16
9
4
19
16
25
7
3
2
8
17
22
26
13
16
26
0
4
15
16
25
6
3
18
10
5
7
18
7
22
15
4
18
8
13
23
20
25
0
17
14
25
14
10
16
20
21
21
23
25
4
20
25
8
6
20
9
7
19
12
4
17
1
14
7
11
21
1
10
