24
12
21
3
2
10
4
13
15
13
19
4
19
6
22
18
24
7
16
7
19
5
18
25
20
14
9
26
23
9
2
24
20
17
24
1
19
21
9
17
13
0
20
26
8
4
4
15
11
8
17
24
5
12
21
19
16
7
25
16
17
23
23
5
15
26
9
17
7
5
6
17
23
3
12
21
0
17
23
15
7
8
15
7
26
22
24
9
4
2
20
4
1
25
12
7
14
22
25
6
0
22
2
26
8
9
13
14
17
25
10
5
11
13
16
0
15
3
16
21
7
10
3
20
5
17
25
26
13
9
25
21
17
5
0
16
19
20
14
19
14
14
13
26
15
10
23
10
8
9
16
6
26
14
14
2
9
24
6
9
23
12
10
13
25
13
14
18
24
3
16
7
5
26
11
18
12
18
7
12
21
20
19
7
25
1
25
11
19
8
8
20
9
19
11
5
3
12
18
19
25
10
4
2
23
26
8
4
22
3
16
6
4
23
23
3
8
8
25
15
14
14
21
11
20
23
9
26
18
20
3
8
10
7
4
16
4
21
2
1
17
17
8
16
26
19
4
18
15
17
19
15
22
5
20
9
11
19
5
25
2
11
2
4
3
0
2
8
11
18
1
19
4
10
4
12
2
16
14
19
18
20
20
23
8
26
17
23
23
7
16
23
0
1
10
26
0
10
11
18
14
10
2
5
23
8
5
0
10
22
24
3
19
13
20
20
3
20
17
24
16
18
9
13
15
9
7
16
21
12
14
6
13
22
18
1
12
22
23
3
1
9
1
12
25
10
3
21
17
25
20
24
24
25
11
5
12
21
1
10
10
12
8
21
6
3
4
10
3
0
15
26
24
5
11
25
22
18
23
9
17
12
6
18
24
13
14
25
4
4
23
9
14
5
2
4
2
7
15
7
15
14
18
9
5
11
13
8
9
2
15
15
3
7
18
1
17
18
17
26
10
9
5
2
23
7
5
7
5
11
7
3
12
7
5
24
23
4
2
23
11
9
14
14
5
3
25
6
4
10
4
6
10
5
1
8
24
9
5
22
23
5
5
22
2
21
21
21
14
13
3
9
12
3
12
23
14
26
9
9
5
7
2
12
1
14
22
15
16
21
22
2
11
5
12
20
6
22
11
1
