13
5
2
16
6
2
3
11
17
4
19
22
3
4
22
19
5
1
5
6
24
3
26
26
21
0
26
8
10
5
18
14
23
24
11
13
23
10
6
7
26
16
16
24
19
7
4
23
5
20
13
4
21
12
21
7
7
3
8
26
19
11
1
16
23
17
5
24
26
8
19
0
11
6
1
1
16
7
26
2
23
7
4
9
17
21
20
8
1
22
12
20
4
0
13
21
9
6
24
11
5
20
14
10
7
24
26
20
16
16
12
2
23
12
4
6
18
22
18
5
26
2
24
19
5
21
24
21
25
8
6
10
14
23
23
20
22
5
26
23
0
3
23
7
13
12
14
17
11
3
1
11
18
4
21
18
24
24
6
9
18
16
21
11
17
23
3
5
18
0
20
21
14
7
17
5
17
4
21
7
2
18
24
8
9
0
5
5
2
17
23
19
22
7
12
13
11
16
19
1
2
9
5
24
6
26
22
4
20
12
14
5
19
2
21
24
25
3
7
11
26
4
15
24
22
22
0
18
6
8
21
26
6
11
6
7
23
7
0
26
13
4
19
18
5
10
13
1
23
13
15
14
25
10
8
15
4
5
4
6
20
23
9
15
1
4
14
3
10
3
20
6
11
15
1
8
4
24
10
23
18
24
12
16
26
1
1
15
19
26
16
2
7
11
19
24
15
4
6
24
18
7
5
12
10
23
15
24
14
1
25
10
4
6
8
12
19
14
17
10
15
11
24
15
14
4
13
16
10
22
16
17
26
5
6
26
24
19
15
26
15
1
19
26
14
17
4
22
0
24
13
18
10
15
23
18
25
23
18
21
19
1
24
23
20
9
14
25
12
12
6
13
11
9
19
5
5
24
2
16
21
8
21
6
1
15
1
19
9
23
9
12
24
9
25
10
18
17
12
25
16
18
0
11
21
13
15
6
26
24
19
15
11
5
23
25
24
18
9
17
5
11
6
12
18
21
13
10
7
5
20
16
22
20
6
5
16
22
11
9
13
3
2
11
26
9
10
4
14
7
13
8
17
23
8
7
9
21
9
7
11
0
23
6
20
16
14
7
25
3
19
21
2
4
9
23
11
19
15
6
7
14
0
19
10
16
13
20
3
23
24
13
9
5
3
8
6
5
20
13
