24
19
4
1
12
14
5
7
1
5
25
4
20
14
12
1
25
18
0
17
17
23
18
20
10
9
20
11
5
23
16
24
16
25
22
25
20
3
24
10
14
6
26
16
22
2
13
23
7
26
19
26
23
16
14
14
16
10
25
15
11
10
3
11
23
7
4
23
22
2
16
22
10
3
24
12
9
23
15
24
2
12
14
7
2
17
14
14
9
3
14
25
11
0
22
1
16
9
15
12
12
25
16
0
24
26
22
15
2
22
15
6
12
4
25
1
23
18
5
1
7
5
4
23
11
16
14
15
21
9
8
8
16
9
3
26
6
13
21
11
10
20
1
9
4
19
11
24
5
2
25
13
22
1
1
15
24
10
1
8
18
15
21
11
16
26
18
13
18
10
7
13
1
18
19
23
20
14
4
23
5
22
24
1
5
24
3
23
23
8
7
12
22
3
6
10
22
17
8
23
26
14
2
0
13
9
3
8
1
4
25
6
1
25
26
0
9
12
16
6
15
0
22
11
19
26
20
19
17
11
24
3
14
14
22
19
18
18
4
21
14
2
20
2
25
9
22
17
8
4
13
21
26
19
17
19
21
22
1
23
25
14
24
24
13
9
3
8
8
26
2
9
19
4
16
5
14
22
17
20
8
17
18
4
8
9
24
20
19
12
11
10
10
25
7
2
15
5
9
11
25
10
8
2
22
8
17
26
3
13
2
3
25
21
3
23
4
6
2
7
19
5
24
2
18
13
3
23
0
5
7
18
6
13
15
11
19
22
7
10
17
17
26
13
8
8
19
23
23
5
12
15
5
20
0
13
23
16
18
2
21
26
11
2
1
7
3
7
22
20
5
16
1
26
22
0
8
6
6
8
13
0
23
21
19
20
9
15
8
20
16
24
4
0
2
7
7
19
21
25
5
26
19
23
7
12
18
2
20
22
20
0
26
19
18
22
13
0
25
21
1
23
25
20
0
1
21
25
11
2
25
17
14
1
20
13
18
26
12
15
7
24
18
19
14
13
23
19
15
26
14
10
9
25
5
7
5
4
10
10
19
11
11
6
8
24
26
21
18
22
12
2
17
8
7
10
17
23
12
26
25
18
21
25
25
21
12
20
2
2
24
0
22
6
9
19
26
19
8
24
