17
10
18
5
12
19
0
12
0
24
9
5
22
13
1
24
6
6
14
15
22
22
8
5
18
23
15
7
15
3
18
11
6
1
23
11
4
2
5
20
20
16
3
14
21
1
5
13
25
13
19
6
10
15
19
7
15
18
12
11
3
26
23
5
14
5
2
10
16
4
3
2
6
13
9
0
23
7
19
0
1
2
10
25
23
20
10
0
4
10
3
22
16
25
9
20
8
8
24
18
12
18
6
18
19
15
24
16
6
5
6
10
3
12
16
3
12
18
17
7
23
6
26
4
5
0
22
12
14
16
13
17
16
3
11
12
10
5
6
24
24
10
14
26
26
8
25
0
10
7
5
21
15
12
26
13
4
21
7
17
11
26
9
23
17
2
25
4
3
3
4
24
24
14
8
7
2
23
14
16
17
6
14
24
0
3
11
10
10
25
10
14
17
18
10
11
26
18
2
16
3
6
20
23
26
11
21
18
1
6
1
17
2
23
23
19
19
25
5
26
0
4
23
13
10
4
21
24
18
6
16
2
9
6
2
17
23
0
3
0
21
11
18
12
25
1
17
12
6
13
14
11
22
0
25
13
24
23
17
6
22
0
21
11
0
26
9
17
20
1
18
23
14
26
7
1
10
17
17
5
0
26
13
13
1
12
22
15
20
11
2
17
3
21
4
19
2
18
3
2
3
15
7
9
15
7
18
11
19
17
15
25
10
13
20
14
8
26
18
1
14
16
23
22
3
4
13
9
23
13
25
5
15
0
8
6
26
19
8
6
20
3
22
15
9
7
13
9
19
4
3
21
4
11
23
15
2
21
6
13
16
20
13
4
9
21
17
14
10
11
13
11
20
17
13
20
7
22
25
18
3
3
10
25
26
11
10
15
21
25
6
3
14
26
14
9
7
20
26
17
14
20
23
22
0
17
6
26
23
16
5
17
9
22
24
1
11
25
0
17
20
18
26
19
7
16
16
5
4
10
4
23
20
10
0
19
15
12
17
23
11
9
16
11
23
23
7
1
5
0
6
24
21
18
6
8
2
13
23
3
14
6
26
19
12
6
5
17
18
21
3
8
18
10
8
16
20
20
11
14
3
22
20
6
2
26
0
4
5
0
12
24
6
23
6
12
15
23
8
26
