19
10
2
12
6
22
11
5
4
25
12
17
12
24
20
4
12
13
13
13
26
12
22
23
23
19
17
1
25
21
2
25
13
25
7
4
8
15
12
22
2
20
23
18
17
26
22
2
15
5
17
19
26
18
22
11
18
19
6
4
5
11
6
8
21
3
10
10
24
2
2
10
3
19
7
18
24
12
11
21
1
16
22
24
23
7
16
19
4
2
15
15
21
18
7
23
26
19
7
17
1
21
1
6
10
9
11
4
26
9
0
25
3
1
17
1
24
14
18
25
3
4
7
4
11
19
22
13
23
17
23
17
16
1
26
24
9
11
17
18
6
9
23
0
22
5
23
17
5
1
3
22
11
19
5
11
13
24
16
3
24
11
15
1
22
13
12
24
0
13
10
2
3
13
14
11
24
11
21
24
2
8
12
22
19
21
7
15
8
4
3
16
11
1
8
3
8
13
14
24
21
21
7
24
8
6
18
18
18
2
25
2
25
9
7
26
6
19
14
0
21
26
8
16
3
1
5
9
25
26
16
22
20
26
13
15
12
5
5
3
20
7
21
25
12
10
26
8
3
20
15
12
25
5
18
0
8
18
8
24
16
12
17
26
22
6
2
6
18
7
4
6
1
16
24
23
8
16
6
17
7
19
26
2
24
3
13
14
20
24
1
25
6
10
21
16
20
0
8
6
0
16
20
4
10
26
8
23
8
14
13
8
16
17
14
3
13
13
0
20
17
6
23
25
12
20
16
22
21
6
0
20
22
5
17
22
19
26
12
15
21
9
22
9
17
19
15
4
8
13
26
13
4
20
14
18
21
15
5
8
15
21
17
7
10
22
15
1
17
9
15
19
25
6
25
14
17
9
12
23
1
3
14
26
11
5
16
25
8
19
21
22
13
18
2
3
18
23
7
6
6
23
14
22
16
18
24
6
12
17
20
0
15
20
19
20
15
1
10
14
12
20
7
6
14
13
11
18
11
9
10
8
16
2
12
3
22
21
26
2
4
2
18
13
13
1
2
12
11
9
15
11
17
26
19
18
16
15
8
5
23
11
0
25
8
22
1
12
17
20
6
16
1
23
10
7
0
9
24
10
3
12
18
19
11
19
12
7
9
1
2
10
18
3
1
22
20
1
6
8
