13
10
6
17
10
25
11
10
21
8
4
7
12
11
20
12
0
13
10
18
10
4
5
24
22
22
12
8
23
10
0
9
26
7
3
4
11
0
12
15
25
19
2
23
6
6
18
24
2
16
7
3
9
20
12
0
0
12
12
8
16
17
15
0
23
19
25
17
9
9
18
15
24
22
23
19
19
12
25
10
14
17
10
23
0
8
0
8
22
9
19
3
12
12
8
18
1
5
1
17
7
26
5
21
18
9
6
20
22
24
16
18
9
7
17
5
14
16
15
10
19
12
0
17
21
25
24
6
6
10
18
7
2
17
0
19
10
26
0
21
19
23
25
16
5
25
8
22
23
13
7
5
20
15
8
12
9
6
0
13
11
21
24
3
10
15
1
1
21
1
15
21
11
25
13
26
9
5
19
13
18
19
9
16
24
12
22
1
9
19
12
0
9
1
13
15
1
22
12
5
25
5
26
17
17
16
1
15
13
11
22
8
6
23
5
20
12
26
19
11
5
5
5
23
14
13
7
23
0
23
11
17
15
4
8
21
8
24
9
16
4
6
2
24
14
5
5
19
15
8
5
24
23
6
16
16
19
1
4
5
10
3
25
0
1
19
8
9
25
21
22
25
0
11
3
17
10
5
13
3
12
22
8
7
4
2
10
10
7
1
26
23
17
1
2
24
11
18
17
23
23
21
24
2
17
23
16
19
19
8
16
8
13
25
3
6
22
2
17
21
26
8
8
7
10
0
8
24
19
10
10
18
2
17
1
3
24
6
9
12
23
0
19
7
25
23
6
1
12
10
17
17
23
11
2
10
22
2
16
21
19
24
19
24
4
21
6
17
26
5
4
13
3
7
11
26
22
24
20
3
12
12
19
9
24
5
22
18
19
8
22
6
19
6
17
4
4
2
20
18
13
26
26
9
4
21
6
15
14
25
14
13
13
10
17
6
23
23
11
10
24
11
8
2
23
22
12
16
4
3
16
15
19
8
14
2
25
5
17
23
25
24
8
4
12
1
16
15
21
12
0
9
21
6
26
21
0
0
16
25
17
10
4
18
4
3
26
5
10
1
13
17
0
6
0
25
16
18
16
12
10
8
5
5
12
2
10
5
15
11
18
18
8
16
17
25
19
14
19
24
