24
5
1
4
8
17
5
15
16
25
8
10
20
0
9
26
19
2
10
17
20
5
7
4
3
4
6
14
19
20
13
5
22
17
12
0
1
23
13
26
17
10
19
26
21
0
11
18
3
14
6
24
8
23
12
24
16
24
17
15
5
4
4
23
24
13
14
9
17
2
8
1
25
23
14
19
25
20
8
23
24
18
4
16
22
25
5
19
20
22
24
0
21
2
1
3
14
24
20
22
11
7
15
18
23
17
15
15
22
14
3
0
15
10
19
18
9
9
6
0
18
13
13
16
11
14
11
17
4
24
25
3
0
10
13
19
11
6
26
24
9
21
17
13
25
19
14
12
5
16
3
5
8
21
24
11
21
11
9
9
7
26
23
0
17
19
24
24
4
26
23
26
22
13
25
26
5
5
10
20
19
20
1
0
25
15
8
23
14
21
19
8
0
10
9
11
13
13
13
18
20
16
23
11
12
5
20
12
18
16
4
21
0
16
18
25
25
23
25
1
16
9
23
3
8
5
26
23
8
10
6
4
14
17
16
13
14
2
23
23
17
3
15
17
1
25
5
19
10
19
6
10
3
6
5
5
18
13
16
20
22
24
8
26
14
25
19
20
26
7
9
2
14
26
14
4
18
23
20
13
6
10
15
10
1
7
17
23
2
14
0
23
25
25
25
9
24
0
8
24
17
4
9
23
25
20
26
21
4
2
20
20
6
15
10
12
25
11
12
3
11
16
6
12
1
11
7
11
7
26
3
24
17
14
26
10
12
12
8
17
1
17
15
2
23
14
26
2
25
3
2
10
24
6
11
23
14
6
1
23
13
18
14
17
2
23
5
17
21
26
19
14
4
6
20
21
25
0
1
4
13
0
16
20
7
0
24
4
20
6
4
3
0
26
14
8
13
12
3
13
7
11
0
6
12
3
26
25
3
25
9
6
7
15
24
10
8
23
24
8
8
11
2
6
3
0
17
18
26
13
15
14
14
17
20
12
14
24
12
15
11
0
0
7
22
15
4
1
0
26
23
5
3
0
24
6
23
6
5
22
9
13
20
10
6
12
3
5
15
13
14
7
8
25
23
24
21
13
23
21
4
15
26
23
8
20
8
21
23
11
6
21
11
6
9
10
15
19
16
5
