7
19
24
4
5
23
10
12
25
15
5
25
9
11
11
16
21
11
13
12
2
4
5
12
1
6
11
1
2
0
17
6
18
11
24
23
24
17
26
24
16
11
25
9
4
23
2
1
5
26
11
3
21
18
9
9
4
10
7
4
12
4
18
10
26
6
15
21
23
4
12
23
14
14
22
26
24
18
24
19
14
12
18
24
14
24
1
22
1
26
14
20
17
1
12
4
20
6
10
25
5
23
21
14
23
9
20
17
15
15
2
11
0
10
1
2
23
5
25
15
7
7
4
20
23
2
24
18
18
7
16
25
22
11
25
15
1
8
3
16
12
19
8
9
13
1
11
16
17
16
13
1
0
13
3
3
22
24
7
21
6
14
16
26
20
7
14
5
20
1
18
13
11
21
15
1
12
10
0
20
11
0
19
5
8
26
2
10
1
8
18
22
0
9
10
3
3
20
9
26
15
2
22
15
22
26
16
15
3
11
18
15
16
9
9
7
5
26
15
8
11
26
4
7
21
14
9
11
25
14
26
15
5
1
23
26
3
15
15
7
20
21
15
0
0
19
22
18
2
6
15
18
3
8
0
16
5
2
3
11
23
25
17
22
21
7
4
15
20
1
12
16
13
7
5
23
0
4
26
14
21
12
15
11
11
6
10
24
1
10
1
7
7
17
9
16
11
14
17
15
5
0
3
15
19
26
15
5
22
5
12
21
22
19
24
19
1
7
21
25
26
8
11
15
16
20
24
2
11
3
5
12
21
12
3
23
20
20
19
16
17
0
15
21
24
3
18
8
19
8
17
24
5
10
19
22
6
9
13
24
1
25
24
10
25
8
22
5
0
10
1
8
10
20
0
3
24
23
2
18
5
25
3
11
19
7
26
1
5
24
13
16
2
20
22
16
9
26
16
8
13
8
11
20
23
20
24
1
13
9
24
23
6
13
5
10
6
10
23
7
25
21
5
6
20
0
15
20
19
0
24
13
12
23
10
6
20
5
0
14
26
22
18
20
12
20
0
5
13
8
19
14
24
23
24
4
6
2
21
19
0
24
8
12
14
2
21
4
5
16
5
19
22
13
14
9
7
2
15
0
9
2
3
4
25
26
15
4
22
15
20
16
0
20
7
19
2
6
21
20
