12
15
24
6
15
13
18
1
0
1
1
1
2
18
11
5
19
5
9
25
7
8
0
6
14
19
24
24
5
16
25
3
1
14
9
17
14
22
19
20
5
13
20
6
25
6
23
4
10
2
19
4
24
1
21
4
6
4
19
18
0
12
25
9
7
14
7
19
4
10
15
19
24
15
21
22
10
0
26
15
16
25
15
8
11
26
8
9
21
15
13
7
21
4
13
7
20
22
19
14
11
16
12
15
16
25
1
14
8
12
0
11
26
26
26
10
22
18
9
25
21
15
5
26
0
21
0
5
12
22
24
10
16
26
1
20
25
21
3
16
6
23
16
8
1
7
22
16
11
15
21
16
12
3
17
6
4
11
0
1
18
20
13
8
14
9
7
19
13
26
24
6
3
8
9
14
23
23
20
22
23
2
26
14
17
13
24
20
19
17
1
10
7
17
17
16
22
2
5
0
26
0
19
4
2
24
9
20
0
20
4
16
4
11
8
23
10
13
17
14
2
8
21
10
10
10
13
2
9
13
6
19
13
6
9
16
0
22
5
11
26
5
13
3
19
15
26
20
22
13
14
11
21
2
7
14
25
2
19
24
11
19
21
18
8
2
24
22
15
21
7
14
6
25
1
23
17
8
18
13
1
17
18
19
19
26
25
21
12
6
20
0
23
9
0
21
17
0
16
5
11
7
11
9
24
8
8
14
20
9
14
1
8
25
10
19
20
16
7
10
9
8
3
24
2
26
2
17
7
16
23
22
10
26
15
13
26
18
24
6
15
26
7
23
26
20
13
25
3
3
11
12
19
19
25
20
11
4
18
7
17
2
2
25
19
21
13
5
1
10
3
24
13
11
6
21
12
26
19
22
9
14
6
22
11
14
24
16
2
20
23
13
26
15
21
9
17
5
18
3
1
24
14
3
0
23
2
2
15
19
14
2
5
3
14
1
21
6
15
9
0
2
5
18
25
20
15
2
8
20
23
7
4
10
9
24
22
15
4
13
17
1
16
20
6
9
22
18
9
2
9
20
12
26
6
22
8
8
22
8
14
9
11
12
18
21
25
18
19
15
1
8
5
21
10
19
10
13
4
23
5
3
8
10
3
6
20
6
3
1
14
1
7
3
25
11
15
26
3
4
