1
22
0
9
13
4
20
19
6
17
16
19
24
12
6
12
20
26
20
9
7
8
8
15
21
1
0
24
1
12
15
15
6
20
5
15
25
2
14
19
22
24
18
5
18
5
16
16
13
13
11
9
8
5
22
3
17
25
26
18
17
12
13
22
18
24
10
1
22
8
16
19
7
4
18
8
9
0
9
3
24
6
18
24
5
22
9
26
17
17
8
1
22
13
0
5
19
13
3
4
15
9
15
12
7
20
13
3
7
0
14
24
25
15
9
8
4
0
26
10
1
26
18
15
25
16
25
26
21
23
13
22
16
26
15
2
15
18
11
2
1
17
2
5
11
19
1
3
23
10
22
18
5
18
20
8
22
17
3
2
25
5
0
1
8
17
26
5
0
14
26
6
20
20
3
6
26
9
0
16
15
13
20
22
25
4
16
25
6
13
25
13
13
6
3
26
25
9
21
10
6
6
25
19
22
25
19
6
5
12
5
17
23
9
10
4
12
26
25
16
7
3
0
22
17
1
4
16
4
5
3
3
10
6
12
8
24
24
20
2
26
21
10
9
16
11
19
22
14
2
9
16
6
13
18
25
20
10
7
5
5
8
2
16
13
14
16
12
3
1
2
14
13
11
26
10
10
8
17
6
4
12
11
17
17
25
18
19
1
9
9
10
5
11
7
21
14
5
25
2
19
13
2
1
6
5
5
9
8
4
25
11
17
6
24
0
15
6
17
18
14
11
25
26
4
22
3
5
10
10
6
3
17
26
25
19
23
2
14
24
11
6
3
12
11
14
17
12
6
21
7
0
15
16
0
12
23
16
8
17
16
8
6
26
7
5
10
14
22
13
16
14
9
21
9
19
8
3
13
0
3
2
3
3
0
15
26
1
23
15
2
5
3
7
21
15
23
18
6
8
5
15
17
17
19
3
12
0
15
15
17
13
7
24
16
20
9
20
7
10
25
3
18
4
8
11
9
18
6
15
24
13
2
5
2
17
21
0
24
21
2
0
12
11
1
15
24
6
19
7
10
5
24
25
23
5
14
24
3
0
12
10
8
24
24
11
26
10
9
2
15
0
17
25
13
7
2
19
9
12
5
7
25
16
21
26
5
17
24
7
2
14
14
6
24
10
5
19
14
1
