5
1
16
8
25
8
22
17
24
5
11
13
14
2
24
24
4
15
24
21
9
17
8
24
15
15
0
16
4
23
5
19
14
15
22
11
1
3
6
25
5
8
7
8
23
4
22
25
10
14
0
19
4
4
4
26
3
2
0
11
0
10
17
10
11
9
7
9
3
8
2
15
0
22
19
18
26
13
16
0
26
0
11
12
25
14
5
2
18
7
4
12
14
17
17
2
6
16
2
21
23
20
1
17
0
24
10
23
19
19
2
26
22
11
25
13
15
5
16
16
19
24
0
1
23
21
2
6
22
23
5
25
24
4
18
15
25
24
25
5
26
16
10
14
19
2
20
26
18
14
20
17
1
5
12
5
19
2
5
19
26
10
22
21
7
7
15
19
20
13
5
3
14
4
23
6
17
16
16
19
0
14
4
10
16
0
24
14
3
11
24
16
1
12
7
15
25
2
23
20
2
25
20
25
2
20
9
5
16
16
21
0
3
13
13
15
15
15
3
8
0
3
23
4
9
10
26
12
17
26
24
18
12
23
10
9
25
1
2
11
6
10
4
2
22
4
0
3
2
24
12
25
7
24
2
24
16
24
6
0
6
0
2
20
15
13
11
5
1
15
13
25
21
23
12
5
14
26
23
22
11
7
7
19
23
5
16
14
0
8
23
12
8
25
22
20
26
9
14
9
0
16
21
6
9
26
15
25
22
22
0
25
10
17
10
0
0
21
17
7
5
19
17
14
19
1
12
21
7
2
17
12
2
16
22
9
15
12
18
1
25
9
16
14
9
5
13
0
14
8
26
22
12
23
25
10
1
7
11
7
24
24
25
25
11
14
1
0
9
7
10
20
25
9
8
13
19
10
15
12
12
17
14
15
17
21
0
2
7
11
16
14
24
9
9
24
21
12
13
10
23
17
4
8
10
0
20
13
26
3
11
8
26
13
1
16
5
0
7
2
13
13
14
2
19
13
26
6
4
14
18
23
22
2
8
4
24
15
24
11
0
6
10
17
9
20
14
6
0
5
19
11
9
3
12
3
3
11
20
16
0
10
4
0
0
9
20
23
21
13
21
18
24
11
21
24
5
22
21
7
0
0
12
20
0
2
6
26
1
6
18
20
4
12
21
26
10
1
14
1
